0 5.77778
1.5873e-05 5.77778
3.1746e-05 5.77778
4.7619e-05 7.27778
6.34921e-05 7.96296
7.93651e-05 2.88889
9.52381e-05 8.44444
0.000111111 8.62963
0.000126984 8.77778
0.000142857 7.08889
0.00015873 -0.111111
0.000174603 5.16667
0.000190476 5.11111
0.000206349 2.53333
0.000222222 3.66667
0.000238095 3.66667
0.000253968 3.66667
0.000269841 3.66667
0.000285714 3.66667
0.000301587 3.66667
0.00031746 3.66667
0.000333333 3.66667
0.000349206 3.66667
0.000365079 3.66667
0.000380952 3.66667
0.000396825 3.66667
0.000412698 3.66667
0.000428571 3.66667
0.000444444 3.66667
0.000460317 3.66667
0.00047619 3.66667
0.000492063 3.66667
0.000507937 3.66667
0.00052381 3.66667
0.000539683 3.66667
0.000555556 3.66667
0.000571429 3.66667
0.000587302 3.66667
0.000603175 3.66667
0.000619048 3.66667
0.000634921 3.66667
0.000650794 3.66667
0.000666667 3.66667
0.00068254 3.66667
0.000698413 3.66667
0.000714286 3.66667
0.000730159 3.66667
0.000746032 3.66667
0.000761905 3.66667
0.000777778 3.66667
0.000793651 3.66667
0.000809524 3.66667
0.000825397 3.66667
0.00084127 3.66667
0.000857143 3.66667
0.000873016 3.66667
0.000888889 3.66667
0.000904762 3.66667
0.000920635 3.66667
0.000936508 3.66667
0.000952381 3.66667
0.000968254 3.66667
0.000984127 3.66667
0.001 3.66667
